Variable    Final Balance  Total Contribution Average Monthly Contribution


Testing Allocation:
100.00  1886905.82 360000.00  1000.00
80.00   1378851.49 360000.00  1000.00
60.00   992960.40  360000.00  1000.00
40.00   709200.63  360000.00  1000.00
20.00   505598.24  360000.00  1000.00
0.00    362085.16  360000.00  1000.00


Testing Time:
10  193569.76  120000.00  1000.00
15  345150.99  180000.00  1000.00
20  535247.81  240000.00  1000.00
25  825720.16  300000.00  1000.00
30  1378851.49 360000.00  1000.00
35  2295535.40 420000.00  1000.00
40  3936134.33 475000.00  1000.00


Testing Monthly Contribution:
500.00  689425.74  180000.00  500.00
1000.00 1378851.49 360000.00  1000.00
1500.00 2068277.23 540000.00  1500.00
2000.00 2757702.98 720000.00  2000.00
2500.00 3447128.72 900000.00  2500.00
3000.00 4136554.47 1080000.00 3000.00


Testing Annual Increase:
0.00    1378851.49 360000.00  1000.00
2.00    1694061.35 490062.40  1361.28
4.00    2129965.50 681992.84  1894.42
6.00    2741348.63 967672.20  2687.98
8.00    3609241.33 1395649.16 3876.80
10.00   4853592.90 2039725.88 5665.91


Testing Initial Balance:
0.00    1378851.49 360000.00  1000.00
10000.00    1487460.83 360000.00  1000.00
20000.00    1596070.17 360000.00  1000.00
50000.00    1921898.20 360000.00  1000.00
100000.00   2464944.91 360000.00  1000.00


Testing Yield:
0.00    1377810.52 360000.00  1000.00
2.00    1487367.18 360000.00  1000.00
4.00    1608873.13 360000.00  1000.00
6.00    1743861.31 360000.00  1000.00
8.00    1894085.74 360000.00  1000.00
10.00   2061556.56 360000.00  1000.00


Testing Glide Path:
100.00  1478604.67 360000.00  1000.00
80.00   1216723.84 360000.00  1000.00
60.00   992960.40  360000.00  1000.00
40.00   804206.67  360000.00  1000.00
20.00   646872.63  360000.00  1000.00
0.00    517186.33  360000.00  1000.00


Testing Special Periods:
2000-05 - 2012-05   180683.17  144000.00  1000.00
2000-05 - 2009-05   100067.51  108000.00  1000.00
2007-05 - 2017-05   201219.68  120000.00  1000.00
2009-05 - 2019-05   198483.93  120000.00  1000.00

