Variable    Final Balance  Total Withdraw Average Monthly Withdrawal


Testing Allocation:
20.00   568460.33  937679.13  2604.66
40.00   1061934.18 1283172.22 3564.37
60.00   1899446.38 1763025.09 4897.29
80.00   3240805.11 2411549.63 6698.75
100.00  5265311.83 3257744.17 9049.29


Testing Time:
10  1559738.37 505871.64  4215.60
15  1726400.21 822070.35  4567.06
20  1871981.95 1179834.64 4915.98
25  2280428.73 1671528.85 5571.76
30  3240805.11 2411549.63 6698.75
35  4325048.26 3256506.91 7753.59
40  6744580.86 4684072.34 9861.20


Testing Withdraw Amount:
0.00    10860934.19    0.00   0.00
2.00    5937992.54 1723005.18 4786.13
4.00    3240805.11 2411549.63 6698.75
6.00    1770663.09 2606849.30 7241.25
8.00    968018.43  2578086.39 7161.35
10.00   528098.88  2459441.54 6831.78


Testing Annual Increase:
0.00    3240805.11 2411549.63 6698.75
2.00    2089730.85 2857373.72 7937.15
4.00    1092221.65 3178578.58 8829.38
6.00    414411.44  3285037.97 9125.11
8.00    95926.72   3181853.32 8838.48
10.00   10310.32   2992016.96 8311.16


Testing Initial Balance:
1000000.00  3240805.11 2411549.63 6698.75
2000000.00  6481610.22 4823099.26 13397.50
3000000.00  9722415.33 7234648.89 20096.25
4000000.00  12963220.44    9646198.52 26795.00
5000000.00  16204025.55    12057748.15    33493.74


Testing Yield:
0.00    3223310.18 2403777.99 6677.16
2.00    3620046.89 2568692.95 7135.26
4.00    4057856.72 2744808.94 7624.47
6.00    4553506.67 2937221.30 8158.95
8.00    5121441.75 3151589.99 8754.42
10.00   5759959.22 3384444.75 9401.24


Testing Glide Path:
20.00   1108657.02 1493991.52 4149.98
40.00   1461332.81 1621988.70 4505.52
60.00   1899446.38 1763025.09 4897.29
80.00   2434245.10 1917658.07 5326.83
100.00  3079139.49 2086536.38 5795.93


Testing Special Periods:
2000-05 - 2012-05   3634300.01 2865148.03 19896.86
2000-05 - 2009-05   2910639.47 2438945.51 22582.83
2007-05 - 2017-05   2869043.40 2270289.82 18919.08
2009-05 - 2019-05   3415420.45 2608577.12 21738.14

